timestamp,station,temp_dry,precip_dur_past10min,sun_last10min_glob
2021-01-01,06116,2.0,1.0,0.0
2021-01-02,06116,1.3,0.0,0.0
2021-01-03,06116,3.0,0.0,234.0
2021-01-04,06116,2.2,0.0,148.0
2021-01-05,06116,2.4,0.0,4.5
2021-01-06,06116,0.2,9.0,0.0
2021-01-07,06116,0.8,30.0,0.0
2021-01-08,06116,0.9,7.0,101.5
2021-01-09,06116,1.5,3.0,14.0
2021-01-10,06116,3.3,47.0,0.0
2021-01-11,06116,5.3,178.0,0.0
2021-01-12,06116,2.9,22.0,224.0
2021-01-13,06116,3.9,32.0,78.5
2021-01-14,06116,-0.1,0.0,0.0
2021-01-15,06116,-1.3,0.0,147.0
2021-01-16,06116,0.2,0.0,108.0
2021-01-17,06116,0.3,2.0,76.5
2021-01-18,06116,3.1,72.0,0.0
2021-01-19,06116,4.0,92.0,0.0
2021-01-20,06116,6.7,108.0,0.0
2021-01-21,06116,6.2,0.0,202.5
2021-01-22,06116,5.3,32.0,132.5
2021-01-23,06116,2.6,3.0,84.5
2021-01-24,06116,1.5,0.0,1.0
2021-01-25,06116,3.0,0.0,383.0
2021-01-26,06116,3.3,11.0,315.5
2021-01-27,06116,1.8,4.0,0.0
2021-01-28,06116,-0.4,0.0,260.5
2021-01-29,06116,-0.3,4.0,0.0
2021-01-30,06116,-0.7,0.0,443.0
2021-01-31,06116,3.5,6.0,319.0
2021-02-01,06116,1.3,0.0,280.0
2021-02-02,06116,-0.6,0.0,163.0
2021-02-03,06116,0.0,29.0,0.5
2021-02-04,06116,-1.1,2.0,218.0
2021-02-05,06116,0.8,0.0,2.5
2021-02-06,06116,-1.9,0.0,286.5
2021-02-07,06116,-1.8,1.0,23.0
2021-02-08,06116,-2.4,2.0,67.0
2021-02-09,06116,-1.5,0.0,363.0
2021-02-10,06116,-2.6,0.0,182.0
2021-02-11,06116,-2.9,0.0,438.0
2021-02-12,06116,-3.1,0.0,498.5
2021-02-13,06116,-2.6,0.0,497.5
2021-02-14,06116,-1.6,0.0,506.5
2021-02-15,06116,0.5,27.0,0.0
2021-02-16,06116,1.8,42.0,0.0
2021-02-17,06116,4.7,66.0,4.5
2021-02-18,06116,9.1,67.0,260.0
2021-02-19,06116,6.7,3.0,305.5
2021-02-20,06116,11.1,0.0,252.5
2021-02-21,06116,13.6,0.0,392.0
2021-02-22,06116,14.0,0.0,481.5
2021-02-23,06116,11.3,0.0,17.5
2021-02-24,06116,12.7,0.0,83.0
2021-02-25,06116,9.9,0.0,187.0
2021-02-26,06116,8.4,0.0,449.5
2021-02-27,06116,9.6,0.0,313.5
2021-02-28,06116,8.2,0.0,510.0
2021-03-01,06116,5.1,0.0,239.5
2021-03-02,06116,7.7,0.0,453.0
2021-03-03,06116,8.5,0.0,545.5
2021-03-04,06116,2.4,0.0,164.0
2021-03-05,06116,5.7,0.0,551.5
2021-03-06,06116,5.0,0.0,131.0
2021-03-07,06116,4.9,0.0,135.0
2021-03-08,06116,5.0,0.0,583.5
2021-03-09,06116,5.5,0.0,361.0
2021-03-10,06116,4.7,61.0,71.5
2021-03-11,06116,8.2,217.0,2.0
2021-03-12,06116,5.9,44.0,3.5
2021-03-13,06116,5.3,101.0,57.0
2021-03-14,06116,7.9,4.0,226.0
2021-03-15,06116,5.6,11.0,35.0
2021-03-16,06116,6.3,0.0,311.5
2021-03-17,06116,4.0,0.0,210.5
2021-03-18,06116,6.2,0.0,395.0
2021-03-19,06116,3.7,0.0,228.5
2021-03-20,06116,4.9,8.0,15.5
2021-03-21,06116,8.7,3.0,531.0
2021-03-22,06116,8.4,2.0,56.0
2021-03-23,06116,5.8,0.0,0.0
2021-03-24,06116,11.3,3.0,268.5
2021-03-25,06116,9.2,0.0,253.5
2021-03-26,06116,11.3,0.0,112.0
2021-03-27,06116,7.3,23.0,139.5
2021-03-28,06116,7.1,83.0,0.0
2021-03-29,06116,10.2,30.0,0.0
2021-03-30,06116,13.6,0.0,680.0
2021-03-31,06116,18.5,0.0,724.5
2021-04-01,06116,9.6,0.0,60.5
2021-04-02,06116,7.9,0.0,197.0
2021-04-03,06116,10.0,0.0,698.0
2021-04-04,06116,7.2,0.0,23.5
2021-04-05,06116,0.6,35.0,281.5
2021-04-06,06116,2.1,10.0,413.0
2021-04-07,06116,6.4,6.0,325.0
2021-04-08,06116,5.6,14.0,98.5
2021-04-09,06116,7.7,21.0,286.5
2021-04-10,06116,7.6,0.0,583.0
2021-04-11,06116,2.4,61.0,59.5
2021-04-12,06116,5.4,1.0,367.5
2021-04-13,06116,6.7,9.0,350.0
2021-04-14,06116,7.4,1.0,345.0
2021-04-15,06116,8.7,0.0,547.5
2021-04-16,06116,10.6,0.0,696.5
2021-04-17,06116,12.2,0.0,475.0
2021-04-18,06116,15.3,0.0,761.5
2021-04-19,06116,15.6,0.0,809.0
2021-04-20,06116,16.9,0.0,761.0
2021-04-21,06116,9.0,0.0,384.0
2021-04-22,06116,8.4,0.0,309.0
2021-04-23,06116,11.1,1.0,775.0
2021-04-24,06116,10.9,1.0,790.0
2021-04-25,06116,9.8,0.0,610.5
2021-04-26,06116,8.1,1.0,388.0
2021-04-27,06116,9.7,1.0,783.5
2021-04-28,06116,12.8,1.0,750.5
2021-04-29,06116,10.2,8.0,45.5
2021-04-30,06116,9.8,23.0,104.0
2021-05-01,06116,12.5,62.0,195.5
2021-05-02,06116,7.5,18.0,71.5
2021-05-03,06116,8.6,16.0,356.5
2021-05-04,06116,10.4,148.0,20.0
2021-05-05,06116,8.7,96.0,20.0
2021-05-06,06116,5.8,79.0,259.0
2021-05-07,06116,8.7,49.0,224.0
2021-05-08,06116,10.7,57.0,388.5
2021-05-09,06116,21.8,31.0,476.0
2021-05-10,06116,17.9,10.0,164.0
2021-05-11,06116,13.1,17.0,2.0
2021-05-12,06116,13.2,2.0,137.0
2021-05-13,06116,11.0,13.0,0.0
2021-05-14,06116,9.6,22.0,0.0
2021-05-15,06116,10.1,1.0,50.0
2021-05-16,06116,11.0,53.0,85.0
2021-05-17,06116,13.5,0.0,392.5
2021-05-18,06116,10.8,1.0,148.5
2021-05-19,06116,12.5,3.0,415.5
2021-05-20,06116,12.2,21.0,444.0
2021-05-21,06116,11.4,80.0,113.0
2021-05-22,06116,10.7,87.0,11.0
2021-05-23,06116,11.4,1.0,356.5
2021-05-24,06116,18.1,22.0,27.5
2021-05-25,06116,12.1,19.0,103.0
2021-05-26,06116,9.6,248.0,0.0
2021-05-27,06116,12.4,0.0,140.5
2021-05-28,06116,12.9,0.0,211.5
2021-05-29,06116,13.7,0.0,502.5
2021-05-30,06116,19.2,0.0,703.0
2021-05-31,06116,20.3,0.0,925.5
2021-06-01,06116,20.1,0.0,625.0
2021-06-02,06116,15.4,6.0,384.5
2021-06-03,06116,24.5,69.0,221.0
2021-06-04,06116,20.9,0.0,742.5
2021-06-05,06116,22.0,1.0,490.5
2021-06-06,06116,20.6,10.0,20.5
2021-06-07,06116,19.8,0.0,137.0
2021-06-08,06116,21.2,0.0,807.0
2021-06-09,06116,21.3,0.0,918.5
2021-06-10,06116,21.6,0.0,834.5
2021-06-11,06116,21.7,0.0,370.5
2021-06-12,06116,16.6,10.0,329.0
2021-06-13,06116,17.1,0.0,669.0
2021-06-14,06116,21.3,2.0,561.0
2021-06-15,06116,16.9,0.0,629.5
2021-06-16,06116,22.0,0.0,935.0
2021-06-17,06116,31.4,0.0,779.0
2021-06-18,06116,26.1,1.0,750.5
2021-06-19,06116,21.4,0.0,462.5
2021-06-20,06116,20.3,53.0,98.5
2021-06-21,06116,13.2,44.0,3.0
2021-06-22,06116,14.4,0.0,139.0
2021-06-23,06116,16.8,0.0,19.0
2021-06-24,06116,16.9,0.0,107.5
2021-06-25,06116,18.2,0.0,865.5
2021-06-26,06116,20.4,0.0,359.5
2021-06-27,06116,19.8,0.0,574.0
2021-06-28,06116,24.5,0.0,887.0
2021-06-29,06116,23.1,0.0,209.0
2021-06-30,06116,18.9,163.0,11.0
2021-07-01,06116,20.3,8.0,430.0
2021-07-02,06116,20.3,0.0,471.0
2021-07-03,06116,19.4,0.0,279.5
2021-07-04,06116,22.4,0.0,515.5
2021-07-05,06116,18.1,52.0,290.5
2021-07-06,06116,20.8,8.0,282.0
2021-07-07,06116,21.5,8.0,494.5
2021-07-08,06116,23.0,0.0,483.5
2021-07-09,06116,19.0,28.0,160.5
2021-07-10,06116,18.6,2.0,78.0
2021-07-11,06116,21.6,0.0,709.5
2021-07-12,06116,25.0,0.0,531.5
2021-07-13,06116,23.9,0.0,330.5
2021-07-14,06116,27.0,0.0,623.5
2021-07-15,06116,27.1,0.0,688.0
2021-07-16,06116,27.6,0.0,863.0
2021-07-17,06116,23.8,1.0,912.0
2021-07-18,06116,19.0,0.0,534.5
2021-07-19,06116,18.7,0.0,323.5
2021-07-20,06116,19.0,0.0,160.0
2021-07-21,06116,17.5,0.0,263.5
2021-07-22,06116,17.7,0.0,131.0
2021-07-23,06116,18.2,0.0,47.0
2021-07-24,06116,25.3,0.0,778.5
2021-07-25,06116,25.8,15.0,313.0
2021-07-26,06116,26.4,3.0,300.5
2021-07-27,06116,21.3,42.0,417.0
2021-07-28,06116,21.6,23.0,284.5
2021-07-29,06116,13.8,129.0,191.0
2021-07-30,06116,20.4,1.0,378.5
2021-07-31,06116,16.5,149.0,77.5
2021-08-01,06116,18.5,1.0,388.5
2021-08-02,06116,17.7,4.0,160.5
2021-08-03,06116,18.4,0.0,265.5
2021-08-04,06116,19.7,0.0,600.5
2021-08-05,06116,18.3,2.0,70.5
2021-08-06,06116,23.2,102.0,313.5
2021-08-07,06116,20.4,1.0,409.0
2021-08-08,06116,18.6,29.0,338.0
2021-08-09,06116,19.2,83.0,163.5
2021-08-10,06116,18.2,21.0,387.0
2021-08-11,06116,21.1,0.0,601.0
2021-08-12,06116,23.3,0.0,689.5
2021-08-13,06116,21.8,1.0,458.5
2021-08-14,06116,18.1,6.0,167.0
2021-08-15,06116,18.5,2.0,222.0
2021-08-16,06116,16.8,53.0,166.0
2021-08-17,06116,18.3,2.0,321.5
2021-08-18,06116,16.9,35.0,22.5
2021-08-19,06116,18.0,8.0,204.0
2021-08-20,06116,17.6,0.0,174.0
2021-08-21,06116,20.1,0.0,336.5
2021-08-22,06116,19.9,0.0,515.5
2021-08-23,06116,22.3,2.0,667.5
2021-08-24,06116,21.5,0.0,726.0
2021-08-25,06116,16.5,6.0,57.5
2021-08-26,06116,18.0,0.0,436.0
2021-08-27,06116,17.6,14.0,165.5
2021-08-28,06116,16.7,8.0,10.0
2021-08-29,06116,16.7,4.0,93.5
2021-08-30,06116,20.4,0.0,462.0
2021-08-31,06116,21.4,0.0,709.5
2021-09-01,06116,21.2,0.0,512.0
2021-09-02,06116,18.8,0.0,420.5
2021-09-03,06116,18.1,0.0,565.0
2021-09-04,06116,20.2,0.0,542.0
2021-09-05,06116,17.5,0.0,565.5
2021-09-06,06116,18.0,0.0,267.5
2021-09-07,06116,18.2,0.0,175.5
2021-09-08,06116,23.2,0.0,550.5
2021-09-09,06116,24.6,0.0,691.5
2021-09-10,06116,20.7,24.0,35.0
2021-09-11,06116,19.0,39.0,59.5
2021-09-12,06116,19.1,3.0,345.5
2021-09-13,06116,18.0,0.0,99.0
2021-09-14,06116,18.4,0.0,359.5
2021-09-15,06116,16.6,32.0,1.5
2021-09-16,06116,19.0,10.0,107.0
2021-09-17,06116,13.7,5.0,66.5
2021-09-18,06116,16.1,6.0,42.5
2021-09-19,06116,15.0,0.0,110.5
2021-09-20,06116,14.2,0.0,232.5
2021-09-21,06116,16.3,14.0,68.0
2021-09-22,06116,19.3,0.0,465.5
2021-09-23,06116,14.7,18.0,99.0
2021-09-24,06116,16.8,6.0,55.5
2021-09-25,06116,19.0,0.0,198.5
2021-09-26,06116,18.8,0.0,160.5
2021-09-27,06116,20.1,21.0,54.5
2021-09-28,06116,18.1,0.0,529.5
2021-09-29,06116,16.6,13.0,157.0
2021-09-30,06116,14.3,176.0,143.0
2021-10-01,06116,15.4,96.0,54.5
2021-10-02,06116,15.0,55.0,47.5
2021-10-03,06116,16.3,84.0,0.0
2021-10-04,06116,13.6,0.0,218.5
2021-10-05,06116,13.3,0.0,173.5
2021-10-06,06116,13.8,0.0,165.5
2021-10-07,06116,15.8,0.0,539.0
2021-10-08,06116,16.7,0.0,523.0
2021-10-09,06116,14.8,0.0,566.0
2021-10-10,06116,12.3,0.0,456.5
2021-10-11,06116,12.5,25.0,283.5
2021-10-12,06116,10.5,2.0,383.0
2021-10-13,06116,10.0,20.0,161.5
2021-10-14,06116,12.0,17.0,53.5
2021-10-15,06116,12.6,60.0,389.0
2021-10-16,06116,11.5,8.0,176.5
2021-10-17,06116,11.1,121.0,0.0
2021-10-18,06116,13.1,71.0,3.5
2021-10-19,06116,12.8,64.0,0.0
2021-10-20,06116,14.7,206.0,28.5
2021-10-21,06116,11.1,194.0,118.5
2021-10-22,06116,8.3,86.0,173.5
2021-10-23,06116,10.6,2.0,355.5
2021-10-24,06116,11.9,0.0,469.0
2021-10-25,06116,10.4,4.0,89.5
2021-10-26,06116,11.1,41.0,143.0
2021-10-27,06116,14.1,3.0,0.0
2021-10-28,06116,14.7,0.0,430.5
2021-10-29,06116,14.1,2.0,434.0
2021-10-30,06116,11.3,28.0,40.0
2021-10-31,06116,12.2,35.0,124.0
2021-11-01,06116,10.9,0.0,92.5
2021-11-02,06116,9.4,0.0,146.5
2021-11-03,06116,8.4,0.0,138.5
2021-11-04,06116,9.1,23.0,46.0
2021-11-05,06116,10.9,12.0,153.5
2021-11-06,06116,10.6,87.0,39.0
2021-11-07,06116,8.6,135.0,67.0
2021-11-08,06116,11.4,27.0,230.0
2021-11-09,06116,9.6,16.0,34.5
2021-11-10,06116,11.1,11.0,0.0
2021-11-11,06116,11.3,4.0,20.5
2021-11-12,06116,9.2,5.0,4.5
2021-11-13,06116,7.3,3.0,0.0
2021-11-14,06116,8.6,7.0,0.0
2021-11-15,06116,6.5,0.0,0.0
2021-11-16,06116,5.0,5.0,0.0
2021-11-17,06116,9.5,52.0,83.0
2021-11-18,06116,10.1,92.0,0.0
2021-11-19,06116,12.4,1.0,22.0
2021-11-20,06116,11.3,12.0,0.0
2021-11-21,06116,8.9,6.0,232.0
2021-11-22,06116,7.3,5.0,310.0
2021-11-23,06116,9.8,5.0,292.0
2021-11-24,06116,8.9,16.0,47.5
2021-11-25,06116,8.3,39.0,125.5
2021-11-26,06116,4.3,40.0,5.0
2021-11-27,06116,3.1,42.0,0.0
2021-11-28,06116,0.5,1.0,0.0
2021-11-29,06116,2.4,2.0,158.5
2021-11-30,06116,5.5,56.0,71.5
2021-12-01,06116,8.0,194.0,0.0
2021-12-02,06116,2.0,6.0,263.5
2021-12-03,06116,3.6,143.0,0.0
2021-12-04,06116,4.1,28.0,0.0
2021-12-05,06116,2.5,114.0,0.0
2021-12-06,06116,3.2,1.0,196.5
2021-12-07,06116,0.9,2.0,0.0
2021-12-08,06116,2.3,20.0,46.0
2021-12-09,06116,1.4,0.0,8.5
2021-12-10,06116,3.3,0.0,0.0
2021-12-11,06116,4.1,0.0,178.0
2021-12-12,06116,5.4,46.0,0.0
2021-12-13,06116,8.9,17.0,3.5
2021-12-14,06116,6.2,6.0,239.5
2021-12-15,06116,9.4,0.0,0.5
2021-12-16,06116,7.6,0.0,286.0
2021-12-17,06116,6.9,2.0,0.0
2021-12-18,06116,9.1,0.0,180.5
2021-12-19,06116,7.8,0.0,145.5
2021-12-20,06116,3.2,0.0,337.0
2021-12-21,06116,0.8,3.0,140.0
2021-12-22,06116,2.1,50.0,18.5
2021-12-23,06116,-1.5,80.0,0.0
2021-12-24,06116,0.3,2.0,105.0
2021-12-25,06116,-0.4,0.0,345.0
2021-12-26,06116,0.0,0.0,343.0
2021-12-27,06116,-1.2,3.0,32.5
2021-12-28,06116,1.3,4.0,42.0
2021-12-29,06116,1.0,8.0,0.0
2021-12-30,06116,8.0,13.0,0.0
2021-12-31,06116,10.1,81.0,0.0
2022-01-01,06116,7.9,13.0,0.0
2022-01-02,06116,9.3,65.0,0.0
2022-01-03,06116,8.1,5.0,0.0
2022-01-04,06116,4.0,47.0,84.0
2022-01-05,06116,5.1,36.0,83.0
2022-01-06,06116,1.7,1.0,247.0
2022-01-07,06116,4.5,40.0,24.5
2022-01-08,06116,5.1,34.0,222.5
2022-01-09,06116,1.7,72.0,0.0
2022-01-10,06116,3.5,0.0,0.0
2022-01-11,06116,2.9,10.0,100.0
2022-01-12,06116,6.5,0.0,105.5
2022-01-13,06116,7.6,0.0,0.0
2022-01-14,06116,7.7,1.0,190.0
2022-01-15,06116,6.1,0.0,276.0
2022-01-16,06116,6.3,11.0,3.0
2022-01-17,06116,5.5,16.0,295.5
2022-01-18,06116,5.5,2.0,23.5
2022-01-19,06116,4.9,21.0,0.0
2022-01-20,06116,2.9,0.0,296.5
2022-01-21,06116,5.5,6.0,172.5
2022-01-22,06116,6.2,12.0,21.5
2022-01-23,06116,7.3,2.0,102.0
2022-01-24,06116,5.9,0.0,0.0
2022-01-25,06116,6.6,10.0,0.0
2022-01-26,06116,5.6,4.0,0.0
2022-01-27,06116,7.8,12.0,269.0
2022-01-28,06116,6.0,6.0,360.0
2022-01-29,06116,8.4,57.0,2.5
2022-01-30,06116,6.2,0.0,228.0
2022-01-31,06116,3.2,14.0,69.5
2022-02-01,06116,7.4,66.0,55.0
2022-02-02,06116,5.8,6.0,315.5
2022-02-03,06116,6.5,80.0,0.0
2022-02-04,06116,6.3,72.0,0.0
2022-02-05,06116,5.7,85.0,218.5
2022-02-06,06116,6.5,77.0,35.0
2022-02-07,06116,6.5,8.0,428.5
2022-02-08,06116,8.3,22.0,73.5
2022-02-09,06116,7.0,97.0,52.0
2022-02-10,06116,5.9,8.0,120.5
2022-02-11,06116,4.7,6.0,291.5
2022-02-12,06116,4.1,0.0,304.0
2022-02-13,06116,3.7,0.0,87.0
2022-02-14,06116,9.7,0.0,132.0
2022-02-15,06116,5.5,68.0,156.5
2022-02-16,06116,9.2,147.0,37.5
2022-02-17,06116,6.3,33.0,51.0
2022-02-18,06116,3.9,157.0,10.5
2022-02-19,06116,5.7,42.0,173.0
2022-02-20,06116,3.3,207.0,0.0
2022-02-21,06116,3.1,44.0,182.0
2022-02-22,06116,6.0,43.0,63.0
2022-02-23,06116,7.7,0.0,219.5
2022-02-24,06116,7.0,65.0,0.0
2022-02-25,06116,5.5,81.0,195.0
2022-02-26,06116,7.6,0.0,512.0
2022-02-27,06116,6.6,0.0,555.5
2022-02-28,06116,7.2,0.0,557.0
2022-03-01,06116,3.9,7.0,40.5
2022-03-02,06116,5.7,0.0,369.0
2022-03-03,06116,6.0,0.0,376.0
2022-03-04,06116,3.4,0.0,321.5
2022-03-05,06116,4.6,0.0,86.0
2022-03-06,06116,5.8,0.0,231.5
2022-03-07,06116,6.7,0.0,589.5
2022-03-08,06116,8.5,0.0,593.5
2022-03-09,06116,10.9,0.0,596.5
2022-03-10,06116,10.5,0.0,596.0
2022-03-11,06116,8.5,0.0,606.0
2022-03-12,06116,8.9,0.0,541.0
2022-03-13,06116,9.1,0.0,581.0
2022-03-14,06116,9.2,1.0,284.5
2022-03-15,06116,9.2,0.0,251.5
2022-03-16,06116,6.6,0.0,130.0
2022-03-17,06116,6.9,37.0,106.0
2022-03-18,06116,12.2,0.0,609.0
2022-03-19,06116,10.6,0.0,643.5
2022-03-20,06116,7.8,0.0,627.0
2022-03-21,06116,11.5,0.0,390.5
2022-03-22,06116,15.2,0.0,584.0
2022-03-23,06116,16.1,0.0,589.0
2022-03-24,06116,14.5,0.0,642.5
2022-03-25,06116,15.1,0.0,644.5
2022-03-26,06116,11.2,1.0,389.0
2022-03-27,06116,10.2,0.0,514.5
2022-03-28,06116,7.2,0.0,5.5
2022-03-29,06116,7.1,0.0,546.5
2022-03-30,06116,3.8,16.0,246.5
2022-03-31,06116,3.6,3.0,22.5
2022-04-01,06116,5.1,0.0,292.0
2022-04-02,06116,4.4,0.0,422.5
2022-04-03,06116,6.1,15.0,247.5
2022-04-04,06116,7.5,157.0,2.0
2022-04-05,06116,6.4,14.0,202.5
2022-04-06,06116,7.6,113.0,0.0
2022-04-07,06116,6.1,110.0,76.5
2022-04-08,06116,6.0,24.0,260.5
2022-04-09,06116,7.1,27.0,447.5
2022-04-10,06116,7.1,21.0,372.5
2022-04-11,06116,7.6,0.0,564.0
2022-04-12,06116,10.7,0.0,382.0
2022-04-13,06116,15.7,0.0,342.5
2022-04-14,06116,9.9,0.0,135.5
2022-04-15,06116,9.1,0.0,0.0
2022-04-16,06116,11.6,0.0,779.0
2022-04-17,06116,13.6,0.0,746.5
2022-04-18,06116,15.6,0.0,796.5
2022-04-19,06116,16.3,0.0,777.0
2022-04-20,06116,15.9,0.0,697.5
2022-04-21,06116,15.1,0.0,795.0
2022-04-22,06116,15.0,0.0,795.5
2022-04-23,06116,14.8,0.0,785.5
2022-04-24,06116,12.0,1.0,427.0
2022-04-25,06116,12.9,0.0,704.0
2022-04-26,06116,12.4,0.0,644.0
2022-04-27,06116,11.8,2.0,683.0
2022-04-28,06116,12.6,0.0,845.0
2022-04-29,06116,9.9,0.0,169.0
2022-04-30,06116,12.6,0.0,417.5
2022-05-01,06116,13.1,0.0,595.5
2022-05-02,06116,13.2,0.0,850.5
2022-05-03,06116,13.8,0.0,659.5
2022-05-04,06116,12.1,0.0,450.0
2022-05-05,06116,13.2,0.0,207.5
2022-05-06,06116,15.2,0.0,137.5
2022-05-07,06116,15.7,0.0,580.5
2022-05-08,06116,15.9,0.0,879.5
2022-05-09,06116,19.2,0.0,798.0
2022-05-10,06116,16.4,6.0,37.5
2022-05-11,06116,14.0,118.0,32.5
2022-05-12,06116,14.2,7.0,563.5
2022-05-13,06116,13.0,1.0,71.5
2022-05-14,06116,15.0,0.0,596.5
2022-05-15,06116,16.8,0.0,450.0
2022-05-16,06116,18.4,2.0,600.5
2022-05-17,06116,16.2,37.0,97.0
2022-05-18,06116,23.9,0.0,565.5
2022-05-19,06116,18.4,6.0,126.5
2022-05-20,06116,15.5,41.0,159.0
2022-05-21,06116,13.8,6.0,64.5
2022-05-22,06116,16.8,0.0,539.5
2022-05-23,06116,21.5,19.0,778.0
2022-05-24,06116,15.9,76.0,172.0
2022-05-25,06116,16.2,14.0,337.5
2022-05-26,06116,14.5,24.0,374.5
2022-05-27,06116,10.6,33.0,456.0
2022-05-28,06116,12.0,2.0,82.5
2022-05-29,06116,15.8,0.0,512.0
2022-05-30,06116,11.4,0.0,40.5
2022-05-31,06116,14.6,0.0,470.5
2022-06-01,06116,14.0,0.0,426.0
2022-06-02,06116,12.4,18.0,19.0
2022-06-03,06116,16.7,0.0,739.0
2022-06-04,06116,16.4,0.0,469.0
2022-06-05,06116,21.3,0.0,664.0
2022-06-06,06116,17.1,117.0,232.5
2022-06-07,06116,13.5,76.0,2.0
2022-06-08,06116,17.3,40.0,74.0
2022-06-09,06116,17.7,35.0,27.0
2022-06-10,06116,18.3,0.0,500.0
2022-06-11,06116,20.0,0.0,598.5
2022-06-12,06116,18.8,7.0,549.5
2022-06-13,06116,15.8,3.0,372.5
2022-06-14,06116,17.0,0.0,142.5
2022-06-15,06116,17.8,0.0,596.5
2022-06-16,06116,19.4,0.0,688.5
2022-06-17,06116,20.2,0.0,266.0
2022-06-18,06116,19.0,1.0,532.5
2022-06-19,06116,14.1,32.0,268.5
2022-06-20,06116,11.8,17.0,308.5
2022-06-21,06116,16.8,0.0,692.0
2022-06-22,06116,16.2,1.0,22.5
2022-06-23,06116,22.0,0.0,617.5
2022-06-24,06116,24.8,28.0,590.5
2022-06-25,06116,24.9,0.0,714.0
2022-06-26,06116,22.2,10.0,471.5
2022-06-27,06116,16.4,135.0,33.5
2022-06-28,06116,20.4,0.0,694.0
2022-06-29,06116,22.5,0.0,792.5
2022-06-30,06116,22.9,0.0,929.0
2022-07-01,06116,16.1,20.0,97.5
2022-07-02,06116,19.5,0.0,643.5
2022-07-03,06116,22.5,7.0,361.0
2022-07-04,06116,18.6,6.0,425.5
2022-07-05,06116,15.6,39.0,260.0
2022-07-06,06116,17.3,109.0,337.0
2022-07-07,06116,17.0,14.0,370.5
2022-07-08,06116,17.5,2.0,144.0
2022-07-09,06116,16.3,7.0,319.0
2022-07-10,06116,16.6,0.0,600.0
2022-07-11,06116,19.6,0.0,868.5
2022-07-12,06116,20.7,0.0,295.5
2022-07-13,06116,21.8,0.0,590.5
2022-07-14,06116,14.5,31.0,341.0
2022-07-15,06116,16.2,27.0,156.0
2022-07-16,06116,16.9,6.0,410.5
2022-07-17,06116,18.5,0.0,379.5
2022-07-18,06116,22.6,0.0,409.0
2022-07-19,06116,27.9,0.0,905.0
2022-07-20,06116,32.9,0.0,866.5
2022-07-21,06116,22.1,41.0,112.5
2022-07-22,06116,16.1,0.0,5.0
2022-07-23,06116,16.6,0.0,54.5
2022-07-24,06116,22.1,0.0,324.0
2022-07-25,06116,22.1,10.0,250.0
2022-07-26,06116,17.4,16.0,333.5
2022-07-27,06116,15.7,0.0,17.5
2022-07-28,06116,17.0,0.0,299.5
2022-07-29,06116,21.2,1.0,707.5
2022-07-30,06116,21.5,10.0,203.5
2022-07-31,06116,22.1,63.0,151.5
2022-08-01,06116,18.3,0.0,800.5
2022-08-02,06116,21.2,17.0,429.0
2022-08-03,06116,23.7,0.0,382.5
2022-08-04,06116,28.0,1.0,614.5
2022-08-05,06116,20.1,8.0,305.5
2022-08-06,06116,14.8,3.0,545.5
2022-08-07,06116,17.8,1.0,217.5
2022-08-08,06116,20.2,0.0,318.5
2022-08-09,06116,21.0,0.0,411.5
2022-08-10,06116,22.8,0.0,816.5
2022-08-11,06116,26.7,0.0,803.0
2022-08-12,06116,27.5,0.0,819.0
2022-08-13,06116,30.0,0.0,686.5
2022-08-14,06116,24.5,0.0,188.0
2022-08-15,06116,29.0,0.0,685.5
2022-08-16,06116,26.9,0.0,476.0
2022-08-17,06116,26.2,40.0,106.0
2022-08-18,06116,22.8,31.0,126.5
2022-08-19,06116,20.7,1.0,248.0
2022-08-20,06116,21.0,1.0,475.0
2022-08-21,06116,21.7,1.0,520.5
2022-08-22,06116,21.0,0.0,401.0
2022-08-23,06116,25.8,0.0,489.5
2022-08-24,06116,26.7,0.0,714.0
2022-08-25,06116,24.4,3.0,607.0
2022-08-26,06116,26.1,8.0,294.0
2022-08-27,06116,21.1,0.0,680.5
2022-08-28,06116,19.0,0.0,314.0
2022-08-29,06116,21.3,1.0,466.5
2022-08-30,06116,18.9,0.0,497.5
2022-08-31,06116,20.0,1.0,501.5
2022-09-01,06116,21.3,0.0,629.5
2022-09-02,06116,20.7,0.0,725.0
2022-09-03,06116,20.3,0.0,460.0
2022-09-04,06116,21.8,1.0,549.0
2022-09-05,06116,22.6,1.0,451.5
2022-09-06,06116,19.3,0.0,120.0
2022-09-07,06116,16.3,6.0,57.0
2022-09-08,06116,17.2,257.0,118.5
2022-09-09,06116,17.8,24.0,123.5
2022-09-10,06116,19.3,0.0,304.5
2022-09-11,06116,18.9,7.0,274.0
2022-09-12,06116,19.4,39.0,207.5
2022-09-13,06116,17.4,36.0,276.5
2022-09-14,06116,16.2,29.0,96.5
2022-09-15,06116,16.5,16.0,464.0
2022-09-16,06116,15.5,82.0,292.0
2022-09-17,06116,10.8,31.0,202.0
2022-09-18,06116,12.6,34.0,279.0
2022-09-19,06116,14.5,7.0,546.5
2022-09-20,06116,16.2,9.0,569.5
2022-09-21,06116,15.5,5.0,495.0
2022-09-22,06116,15.7,6.0,541.5
2022-09-23,06116,16.7,2.0,253.5
2022-09-24,06116,13.6,4.0,0.0
2022-09-25,06116,16.2,5.0,488.5
2022-09-26,06116,11.4,120.0,0.0
2022-09-27,06116,10.9,35.0,141.5
2022-09-28,06116,13.5,0.0,420.0
2022-09-29,06116,12.4,82.0,0.0
2022-09-30,06116,14.4,1.0,302.5
2022-10-01,06116,14.7,74.0,132.0
2022-10-02,06116,16.1,15.0,383.0
2022-10-03,06116,15.9,1.0,329.0
2022-10-04,06116,16.3,0.0,289.0
2022-10-05,06116,15.6,21.0,13.5
2022-10-06,06116,16.1,10.0,423.0
2022-10-07,06116,14.3,22.0,90.5
2022-10-08,06116,13.3,28.0,384.0
2022-10-09,06116,14.2,1.0,489.5
2022-10-10,06116,13.9,31.0,333.0
2022-10-11,06116,13.3,3.0,258.0
2022-10-12,06116,13.8,0.0,212.0
2022-10-13,06116,10.7,29.0,28.5
2022-10-14,06116,14.4,36.0,246.0
2022-10-15,06116,13.3,4.0,59.0
2022-10-16,06116,13.8,1.0,354.0
2022-10-17,06116,16.6,18.0,85.0
2022-10-18,06116,14.2,7.0,142.0
2022-10-19,06116,12.8,0.0,529.5
2022-10-20,06116,11.7,33.0,410.5
2022-10-21,06116,12.0,18.0,50.5
2022-10-22,06116,16.3,33.0,88.5
2022-10-23,06116,14.1,6.0,182.5
2022-10-24,06116,17.0,22.0,158.5
2022-10-25,06116,14.6,14.0,156.0
2022-10-26,06116,15.3,2.0,267.5
2022-10-27,06116,16.5,3.0,192.0
2022-10-28,06116,18.4,2.0,305.5
2022-10-29,06116,13.6,1.0,128.0
2022-10-30,06116,16.5,1.0,309.0
2022-10-31,06116,14.9,0.0,149.5
2022-11-01,06116,15.3,2.0,92.5
2022-11-02,06116,10.7,26.0,76.0
2022-11-03,06116,12.5,0.0,172.0
2022-11-04,06116,11.4,3.0,167.5
2022-11-05,06116,9.5,28.0,256.5
2022-11-06,06116,10.0,55.0,0.0
2022-11-07,06116,12.1,103.0,33.5
2022-11-08,06116,13.9,1.0,156.5
2022-11-09,06116,12.7,26.0,70.0
2022-11-10,06116,12.7,3.0,37.0
2022-11-11,06116,13.0,0.0,0.0
2022-11-12,06116,11.8,0.0,9.0
2022-11-13,06116,11.8,2.0,223.0
2022-11-14,06116,8.3,0.0,5.0
2022-11-15,06116,9.0,3.0,0.0
2022-11-16,06116,8.4,15.0,0.0
2022-11-17,06116,4.2,0.0,0.0
2022-11-18,06116,5.8,6.0,234.0
2022-11-19,06116,3.1,1.0,353.0
2022-11-20,06116,1.4,0.0,260.0
2022-11-21,06116,1.9,9.0,0.0
2022-11-22,06116,1.2,5.0,0.0
2022-11-23,06116,5.6,8.0,1.5
2022-11-24,06116,7.2,7.0,1.5
2022-11-25,06116,6.1,55.0,0.0
2022-11-26,06116,9.0,3.0,36.5
2022-11-27,06116,5.0,9.0,25.5
2022-11-28,06116,4.7,107.0,0.0
2022-11-29,06116,5.4,16.0,0.0
2022-12-15,06116,-2.1,1420.0,194.0
2022-12-16,06116,-3.03,1440.0,686.0
2022-12-17,06116,-2.4,1440.0,67.0
2022-12-18,06116,-5.4,1440.0,37.0
2022-12-19,06116,1.2,1440.0,20.0
2023-01-17,06116,3.5,1440.0,311.0
2023-01-18,06116,0.5,1440.0,502.0
2023-01-19,06116,3.1,1420.0,153.0
2023-01-20,06116,0.8,1430.0,516.0
2023-01-21,06116,1.5,1450.0,370.0
2023-01-22,06116,-1.3,1440.0,38.0
2023-01-23,06116,0.5,1440.0,0.0
2023-01-24,06116,1.4,1440.0,6.0
2023-01-25,06116,0.5,1440.0,0.0
2023-01-26,06116,3.7,1440.0,7.0
2023-01-27,06116,2.2,1440.0,434.0
2023-01-28,06116,2.36,1440.0,239.0
2023-01-29,06116,4.0,1440.0,159.0
2023-01-30,06116,4.4,1440.0,635.0
2023-01-31,06116,5.99,1440.0,456.0
2023-02-01,06116,3.1,1440.0,674.0
2023-02-02,06116,5.54,1440.0,291.0
2023-02-03,06116,6.3,1440.0,347.0
2023-02-04,06116,1.8,1440.0,688.0
2023-02-05,06116,-0.2,1440.0,413.0
2023-02-06,06116,1.89,1440.0,80.0
2023-02-07,06116,2.59,1440.0,326.0
2023-02-08,06116,1.8,1440.0,525.0
2023-02-09,06116,2.3,1440.0,141.0
2023-02-10,06116,5.8,1440.0,388.0
2023-02-11,06116,8.1,1440.0,43.0
2023-02-12,06116,6.6,1440.0,66.0
2023-02-13,06116,6.0,1440.0,55.0
2023-02-14,06116,4.59,1440.0,476.0
2023-02-15,06116,1.02,1440.0,536.0
2023-02-16,06116,5.46,1440.0,190.0
2023-02-17,06116,8.6,1440.0,587.0
2023-02-18,06116,2.2,1440.0,424.0
2023-02-19,06116,5.65,1440.0,412.0
2023-02-20,06116,8.0,1450.0,386.0
2023-02-21,06116,7.4,1440.0,427.0
2023-02-22,06116,7.4,1440.0,0.0
2023-02-23,06116,6.05,1440.0,7.0
2023-02-24,06116,5.6,1440.0,273.0
2023-02-25,06116,3.2,1440.0,492.0
2023-02-26,06116,2.5,1440.0,618.0
2023-02-27,06116,6.9,1440.0,58.0
2023-02-28,06116,5.86,1440.0,308.0
2023-03-01,06116,1.4,1430.0,744.0
2023-03-02,06116,6.7,1440.0,573.0
2023-03-03,06116,5.61,1440.0,377.0
2023-03-04,06116,5.46,1440.0,183.0
2023-03-05,06116,2.58,1440.0,345.0
2023-03-06,06116,3.2,1430.0,368.0
2023-03-07,06116,0.97,1440.0,506.0
2023-03-08,06116,2.56,1440.0,331.0
2023-03-09,06116,2.43,1440.0,87.0
2023-03-10,06116,2.38,1440.0,81.0
2023-03-11,06116,3.9,1440.0,578.0
2023-03-12,06116,2.42,1440.0,194.0
2023-03-13,06116,10.1,1440.0,44.0
2023-03-14,06116,4.71,1430.0,461.0
2023-03-21,06116,8.3,1420.0,0.0
2023-03-22,06116,8.9,1440.0,0.0
2023-03-23,06116,9.3,1430.0,0.0
2023-03-24,06116,8.7,1430.0,0.0
2023-03-25,06116,8.5,1440.0,0.0
2023-03-26,06116,6.4,1430.0,0.0
2023-03-27,06116,4.3,1440.0,0.0
2023-03-28,06116,4.9,1440.0,0.0
2023-03-29,06116,5.0,1440.0,0.0
2023-03-30,06116,9.2,1440.0,0.0
2023-03-31,06116,9.2,1440.0,0.0
2023-04-01,06116,2.9,1440.0,0.0
2023-04-02,06116,6.6,1440.0,0.0
2023-04-03,06116,6.1,1420.0,0.0
2023-04-04,06116,5.9,1440.0,0.0
2023-04-05,06116,7.4,1440.0,0.0
2023-04-06,06116,8.7,1440.0,0.0
2023-04-07,06116,8.3,1440.0,0.0
2023-04-08,06116,10.7,1440.0,0.0
2023-04-09,06116,11.6,1440.0,0.0
2023-04-10,06116,15.1,1440.0,0.0
2023-04-11,06116,8.7,1440.0,0.0
2023-04-12,06116,6.7,1440.0,0.0
2023-04-13,06116,6.2,1440.0,0.0
2023-04-14,06116,10.2,1440.0,0.0
2023-04-15,06116,10.9,1440.0,0.0
2023-04-16,06116,10.6,1440.0,0.0
2023-04-17,06116,11.8,1440.0,0.0
2023-04-18,06116,12.3,1440.0,0.0
2023-04-19,06116,11.8,1440.0,0.0
2023-04-20,06116,12.08,1440.0,0.0
2023-04-21,06116,16.0,1450.0,0.0
2023-04-22,06116,18.7,1440.0,0.0
2023-04-23,06116,12.3,1440.0,0.0
2023-04-24,06116,10.0,1420.0,0.0
2023-04-25,06116,7.0,1440.0,0.0
2023-04-26,06116,6.5,1440.0,0.0
2023-04-27,06116,7.3,1440.0,0.0
2023-04-28,06116,10.0,1380.0,0.0
2023-04-29,06116,9.9,1440.0,0.0
2023-04-30,06116,9.1,1410.0,0.0
2023-05-01,06116,14.1,1440.0,0.0
2023-05-02,06116,8.7,1440.0,0.0
2023-05-03,06116,9.0,1440.0,0.0
2023-05-04,06116,11.0,1440.0,0.0
2023-05-05,06116,10.3,1440.0,0.0
2023-05-06,06116,6.3,1440.0,0.0
2023-05-07,06116,11.3,1440.0,0.0
2023-05-08,06116,15.7,1440.0,0.0
2023-05-09,06116,19.1,1440.0,0.0
2023-05-10,06116,13.5,1440.0,0.0
2023-05-11,06116,12.8,1440.0,0.0
2023-05-12,06116,19.5,1440.0,0.0
2023-05-13,06116,19.6,1440.0,0.0
2023-05-14,06116,20.0,1440.0,0.0
2023-05-15,06116,17.7,1440.0,0.0
2023-05-16,06116,8.9,1440.0,0.0
2023-05-17,06116,8.4,1440.0,0.0
2023-05-18,06116,13.2,1440.0,0.0
2023-05-19,06116,14.4,1440.0,0.0
2023-05-20,06116,16.0,1440.0,0.0
2023-05-21,06116,20.0,1450.0,0.0
2023-05-22,06116,20.0,1440.0,0.0
2023-05-23,06116,11.1,1440.0,0.0
2023-05-24,06116,14.9,1440.0,0.0
2023-05-25,06116,15.6,1440.0,0.0
2023-05-29,06116,15.4,1250.0,0.0
2023-05-31,06116,13.6,1300.0,0.0
2023-06-02,06116,16.9,1260.0,0.0
2023-06-04,06116,13.8,1320.0,0.0
2023-06-09,06116,23.4,1350.0,0.0
2023-06-12,06116,23.0,1290.0,0.0
2023-06-18,06116,23.2,1340.0,0.0
2023-06-21,06116,17.8,1370.0,0.0
2023-06-22,06116,22.5,1370.0,0.0
2023-06-23,06116,19.9,1380.0,0.0
2023-06-28,06116,19.0,1430.0,0.0
2023-06-29,06116,21.4,1440.0,0.0
2023-06-30,06116,17.5,1440.0,0.0
2023-07-01,06116,16.0,1440.0,0.0
2023-07-02,06116,14.5,1440.0,0.0
2023-07-03,06116,14.5,1440.0,0.0
2023-07-04,06116,16.1,1430.0,0.0
2023-07-05,06116,16.4,1320.0,0.0
2023-07-07,06116,20.4,820.0,0.0
2023-07-19,06116,14.2,870.0,0.0
2023-07-20,06116,15.0,940.0,0.0
2023-07-23,06116,14.4,1080.0,0.0
2023-07-24,06116,18.1,940.0,0.0
2023-07-27,06116,19.4,890.0,0.0
2023-08-02,06116,17.1,1110.0,0.0
2023-08-05,06116,19.5,970.0,0.0
2023-08-06,06116,17.0,890.0,0.0
2023-08-07,06116,15.8,1260.0,0.0
2023-08-08,06116,15.2,1430.0,0.0
2023-08-09,06116,15.6,1440.0,0.0
2023-08-10,06116,17.0,1440.0,0.0
2023-08-11,06116,21.4,1440.0,0.0
2023-08-12,06116,19.9,1440.0,0.0
2023-08-13,06116,20.4,1440.0,0.0
2023-08-14,06116,22.3,1440.0,0.0
2023-08-15,06116,20.3,1440.0,0.0
2023-08-16,06116,19.0,1440.0,0.0
2023-08-17,06116,17.2,1440.0,0.0
2023-08-18,06116,18.2,1430.0,0.0
2023-08-19,06116,18.5,1450.0,0.0
2023-08-20,06116,20.8,1440.0,0.0
2023-08-21,06116,21.6,1430.0,0.0
2023-08-22,06116,22.0,1440.0,0.0
2023-08-23,06116,19.9,1440.0,0.0
2023-08-24,06116,19.8,1430.0,0.0
2023-08-25,06116,21.5,1430.0,0.0
2023-08-26,06116,18.0,1440.0,0.0
2023-08-27,06116,17.8,1440.0,0.0
2023-08-28,06116,17.9,1440.0,0.0
2023-08-29,06116,17.4,1440.0,0.0
2023-08-30,06116,18.0,1410.0,0.0
2023-08-31,06116,14.9,1440.0,0.0
2023-09-01,06116,19.0,721.0,0.0
2023-09-02,06116,19.9,1.0,0.0
2023-09-04,06116,22.7,0.0,0.0
2023-09-05,06116,25.3,0.0,0.0
2023-09-06,06116,25.1,0.0,0.0
2023-09-07,06116,23.3,2.0,0.0
2023-09-08,06116,26.9,2.0,0.0
2023-09-09,06116,27.1,0.0,0.0
2023-09-10,06116,22.2,0.0,0.0
2023-09-11,06116,26.2,1.0,0.0
2023-09-12,06116,21.3,4.0,0.0
2023-09-13,06116,16.0,8.0,0.0
2023-09-14,06116,16.6,0.0,0.0
2023-09-15,06116,18.9,0.0,0.0
2023-09-16,06116,22.6,0.0,0.0
2023-09-17,06116,23.5,0.0,0.0
2023-09-18,06116,18.6,89.0,0.0
2023-09-19,06116,15.8,60.0,0.0
2023-09-20,06116,18.7,37.0,0.0
2023-09-21,06116,21.7,68.0,0.0
2023-09-22,06116,17.5,61.0,0.0
2023-09-23,06116,15.9,109.0,0.0
2023-09-24,06116,17.4,0.0,0.0
2023-09-25,06116,17.2,0.0,20.0
2023-09-26,06116,19.6,0.0,68.0
2023-09-27,06116,21.0,0.0,62.0
2023-09-28,06116,19.2,0.0,53.0
2023-09-29,06116,19.1,60.0,36.0
2023-09-30,06116,17.3,0.0,47.0
2023-10-01,06116,15.1,181.0,44.0
2023-10-02,06116,19.0,10.0,11.0
2023-10-03,06116,14.6,51.0,23.0
2023-10-04,06116,16.3,10.0,30.0
2023-10-05,06116,16.4,109.0,22.0
2023-10-06,06116,16.5,93.0,3.0
2023-10-07,06116,13.2,5.0,22.0
2023-10-08,06116,12.1,96.0,27.0
2023-10-09,06116,11.3,135.0,11.0
2023-10-10,06116,16.3,1.0,20.0
2023-10-11,06116,17.5,102.0,14.0
2023-10-12,06116,14.0,0.0,14.0
2023-10-13,06116,15.8,284.0,0.0
2023-10-14,06116,12.0,90.0,13.0
2023-10-15,06116,7.5,82.0,12.0
2023-10-16,06116,10.9,8.0,17.0
2023-10-17,06116,12.4,1.0,11.0
2023-10-18,06116,11.7,0.0,15.0
2023-10-19,06116,10.1,18.0,0.0
2023-10-20,06116,5.9,64.0,49.0
2023-10-21,06116,10.0,115.0,28.0
2023-10-22,06116,11.2,43.0,66.0
2023-10-23,06116,13.4,0.0,63.0
2023-10-24,06116,10.9,298.0,33.0
2023-10-25,06116,12.0,45.0,46.0
2023-10-26,06116,9.4,22.0,18.0
2023-10-27,06116,8.2,0.0,38.0
2023-10-28,06116,9.3,78.0,32.0
2023-10-29,06116,14.2,210.0,6.0
2023-10-30,06116,12.9,44.0,39.0
2023-10-31,06116,4.7,321.0,21.0
2023-11-01,06116,7.3,32.0,42.0
2023-11-02,06116,10.1,5.0,48.0
2023-11-03,06116,9.9,1.0,31.0
2023-11-04,06116,8.7,5.0,22.0
2023-11-05,06116,10.7,100.0,30.0
2023-11-06,06116,10.6,192.0,26.0
2023-11-07,06116,10.0,106.0,25.0
2023-11-09,06116,9.8,193.0,0.0
2023-11-10,06116,8.3,283.0,8.0
2023-11-11,06116,7.6,1.0,10.0
2023-11-12,06116,7.9,84.0,0.0
2023-11-13,06116,6.0,159.0,4.0
2023-11-14,06116,9.2,37.0,9.0
2023-11-15,06116,6.4,167.0,12.0
2023-11-16,06116,5.3,19.0,1.0
2023-11-17,06116,4.6,4.0,7.0
2023-11-18,06116,5.3,39.0,15.0
2023-11-19,06116,11.3,149.0,53.0
2023-11-20,06116,9.5,1.0,65.0
2023-11-22,06116,4.4,20.0,70.0
2023-11-23,06116,11.0,10.0,49.0
2023-11-24,06116,3.7,16.0,64.0
2023-11-25,06116,4.5,21.0,72.0
2023-11-26,06116,0.5,25.0,75.0
2023-11-27,06116,3.1,0.0,40.0
2023-11-28,06116,-2.1,122.0,63.0
2023-11-29,06116,-2.9,3.0,53.0
2023-11-30,06116,-6.5,18.0,369.0
2023-12-01,06116,-4.2,0.0,234.0
2023-12-04,06116,-0.8,7.0,0.0
2023-12-05,06116,0.2,18.0,30.0
2023-12-06,06116,0.3,167.0,4.0
2023-12-07,06116,1.0,0.0,0.0
2023-12-08,06116,1.6,4.0,10.0
2023-12-09,06116,3.9,53.0,15.0
2023-12-10,06116,6.1,133.0,0.0
2023-12-11,06116,5.3,182.0,10.0
2023-12-12,06116,3.4,8.0,13.0
2023-12-13,06116,1.6,19.0,0.0
2023-12-14,06116,1.4,6.0,25.0
2023-12-15,06116,7.3,35.0,100.0
2023-12-16,06116,7.9,0.0,0.0
2023-12-17,06116,7.8,0.0,0.0
2023-12-18,06116,8.1,19.0,0.0
2023-12-19,06116,8.4,16.0,8.0
2023-12-20,06116,6.2,154.0,174.0
2023-12-21,06116,8.3,67.0,54.0
2023-12-22,06116,3.1,45.0,165.0
2023-12-23,06116,3.8,33.0,40.0
2023-12-24,06116,9.9,106.0,0.0
2023-12-25,06116,6.9,6.0,263.0
2023-12-26,06116,5.9,6.0,93.0
2023-12-27,06116,3.1,52.0,52.0
2023-12-28,06116,9.6,6.0,35.0
2023-12-29,06116,8.4,19.0,31.0
2023-12-30,06116,6.4,16.0,254.0
2023-12-31,06116,6.8,89.0,4.0
2024-01-01,06116,6.2,129.0,0.0
2024-01-02,06116,4.8,47.0,0.0
2024-01-03,06116,6.3,166.0,0.0
2024-01-04,06116,-0.3,0.0,4.0
2024-01-05,06116,-1.5,0.0,7.0
2024-01-06,06116,-1.0,0.0,0.0
2024-01-07,06116,-2.1,0.0,217.0
2024-01-08,06116,-1.1,0.0,332.0
2024-01-09,06116,-1.2,5.0,122.0
2024-01-10,06116,0.1,1.0,10.0
2024-01-11,06116,3.6,0.0,291.0
2024-01-12,06116,3.9,2.0,291.0
2024-01-13,06116,5.4,5.0,89.0
2024-01-14,06116,3.6,18.0,175.0
2024-01-15,06116,0.6,20.0,263.0
2024-01-16,06116,-2.6,12.0,39.0
2024-01-17,06116,0.9,25.0,53.0
2024-01-18,06116,-0.5,7.0,370.0
2024-01-19,06116,2.7,20.0,196.0
2024-01-20,06116,5.9,0.0,104.0
2024-01-21,06116,1.6,3.0,0.0
2024-01-22,06116,8.4,13.0,317.0
2024-01-23,06116,7.0,34.0,262.0
2024-01-24,06116,8.5,5.0,93.0
2024-01-25,06116,6.9,0.0,187.0
2024-01-26,06116,7.6,59.0,87.0
2024-01-27,06116,6.9,1.0,172.0
2024-01-28,06116,6.1,0.0,459.0
2024-01-29,06116,6.0,0.0,211.0
2024-01-30,06116,8.1,3.0,9.0
2024-01-31,06116,5.4,12.0,107.0
2024-02-01,06116,7.4,0.0,364.0
2024-02-02,06116,6.8,0.0,0.0
2024-02-03,06116,8.1,0.0,297.0
2024-02-04,06116,7.3,3.0,0.0
2024-02-05,06116,7.3,74.0,0.0
2024-02-06,06116,8.1,38.0,0.0
2024-02-07,06116,4.8,10.0,409.0
2024-02-08,06116,2.8,6.0,259.0
2024-02-09,06116,0.4,31.0,10.0
2024-02-10,06116,3.4,25.0,0.0
2024-02-11,06116,3.3,8.0,0.0
2024-02-12,06116,7.1,124.0,18.0
2024-02-13,06116,7.4,5.0,72.0
2024-02-14,06116,6.5,174.0,0.0
2024-02-15,06116,10.4,146.0,0.0
2024-02-16,06116,11.5,18.0,49.0
2024-02-17,06116,6.5,0.0,0.0
2024-02-18,06116,8.9,355.0,0.0
2024-02-19,06116,8.0,11.0,10.0
2024-02-20,06116,8.4,0.0,126.0
2024-02-21,06116,8.3,20.0,244.0
2024-02-22,06116,8.9,31.0,99.0
2024-02-23,06116,6.8,7.0,178.0
2024-02-24,06116,6.5,29.0,112.0
2024-02-25,06116,4.4,75.0,57.0
2024-02-26,06116,5.4,0.0,72.0
2024-02-27,06116,3.3,0.0,52.0
2024-02-28,06116,5.9,0.0,0.0
2024-02-29,06116,6.2,44.0,11.0
2024-03-01,06116,7.8,0.0,94.0
2024-03-02,06116,11.1,0.0,461.0
2024-03-03,06116,7.0,0.0,7.0
2024-03-04,06116,8.2,0.0,111.0
2024-03-05,06116,5.1,0.0,89.0
2024-03-06,06116,4.6,0.0,35.0
2024-03-07,06116,3.9,0.0,50.0
2024-03-08,06116,4.0,0.0,381.0
2024-03-09,06116,6.1,0.0,320.0
2024-03-10,06116,4.9,0.0,9.0
2024-03-11,06116,4.3,4.0,0.0
2024-03-12,06116,4.8,0.0,0.0
2024-03-13,06116,9.4,5.0,157.0
2024-03-14,06116,10.8,2.0,27.0
2024-03-15,06116,11.8,7.0,16.0
2024-03-16,06116,8.0,5.0,413.0
2024-03-17,06116,6.3,0.0,450.0
2024-03-18,06116,7.3,0.0,153.0
2024-03-19,06116,7.7,8.0,26.0
2024-03-20,06116,12.1,123.0,326.0
2024-03-21,06116,10.3,141.0,155.0
2024-03-22,06116,8.8,44.0,195.0
2024-03-23,06116,8.8,16.0,426.0
2024-03-24,06116,7.1,56.0,165.0
2024-03-25,06116,8.1,0.0,350.0
2024-03-26,06116,9.4,0.0,567.0
2024-03-27,06116,13.6,0.0,285.0
2024-03-28,06116,7.3,252.0,32.0
2024-03-29,06116,10.3,0.0,238.0
2024-03-30,06116,12.6,12.0,97.0
2024-03-31,06116,8.9,16.0,156.0
2024-04-01,06116,8.2,513.0,21.0
2024-04-02,06116,7.8,45.0,0.0
2024-04-03,06116,6.4,52.0,345.0
2024-04-04,06116,9.4,252.0,14.0
2024-04-05,06116,12.3,135.0,4.0
2024-04-06,06116,17.3,0.0,277.0
2024-04-07,06116,15.2,78.0,551.0
2024-04-08,06116,15.2,1.0,304.0
2024-04-09,06116,10.2,160.0,44.0
2024-04-10,06116,10.0,2.0,378.0
2024-04-11,06116,12.7,64.0,7.0
2024-04-12,06116,11.6,9.0,1.0
2024-04-13,06116,14.4,14.0,454.0
2024-04-14,06116,9.6,9.0,390.0
2024-04-15,06116,8.5,222.0,115.0
2024-04-16,06116,10.5,108.0,204.0
2024-04-17,06116,7.1,1.0,427.0
2024-04-18,06116,8.5,38.0,285.0
2024-04-19,06116,7.6,242.0,101.0
2024-04-20,06116,9.4,41.0,372.0
2024-04-21,06116,9.4,3.0,610.0
2024-04-22,06116,6.2,0.0,539.0
2024-04-23,06116,7.5,135.0,157.0
2024-04-24,06116,7.6,34.0,138.0
2024-04-25,06116,8.1,24.0,394.0
2024-04-26,06116,7.1,167.0,187.0
2024-04-27,06116,13.3,21.0,292.0
2024-04-28,06116,19.7,24.0,449.0
2024-04-29,06116,15.6,0.0,787.0
2024-04-30,06116,17.2,13.0,649.0
2024-05-01,06116,20.4,0.0,790.0
2024-05-02,06116,20.2,0.0,820.0
2024-05-03,06116,19.4,11.0,582.0
2024-05-04,06116,15.8,0.0,470.0
2024-05-05,06116,15.3,231.0,193.0
2024-05-06,06116,14.0,22.0,575.0
2024-05-07,06116,14.0,0.0,437.0
2024-05-08,06116,16.4,0.0,529.0
2024-05-09,06116,15.5,0.0,411.0
2024-05-10,06116,12.3,0.0,119.0
2024-05-11,06116,18.7,0.0,789.0
2024-05-12,06116,16.8,1.0,698.0
2024-05-13,06116,20.8,0.0,846.0
2024-05-14,06116,21.4,0.0,847.0
2024-05-15,06116,21.6,0.0,851.0
2024-05-16,06116,21.0,0.0,801.0
2024-05-17,06116,21.1,0.0,822.0
2024-05-18,06116,21.3,0.0,928.0
2024-05-19,06116,22.1,0.0,434.0
2024-05-20,06116,22.4,0.0,941.0
2024-05-21,06116,20.1,0.0,748.0
2024-05-22,06116,18.1,53.0,118.0
2024-05-23,06116,16.3,375.0,138.0
2024-05-24,06116,19.5,0.0,740.0
2024-05-25,06116,19.5,0.0,523.0
2024-05-26,06116,18.5,35.0,347.0
2024-05-27,06116,18.6,4.0,524.0
2024-05-28,06116,15.0,193.0,286.0
2024-05-29,06116,16.5,62.0,186.0
2024-05-30,06116,19.5,7.0,497.0
2024-05-31,06116,19.0,162.0,309.0
2024-06-01,06116,23.6,0.0,741.0
2024-06-02,06116,17.1,0.0,241.0
2024-06-03,06116,15.2,7.0,66.0
2024-06-04,06116,16.4,46.0,113.0
2024-06-05,06116,14.9,63.0,634.0
2024-06-06,06116,10.3,55.0,172.0
2024-06-07,06116,14.8,28.0,392.0
2024-06-08,06116,12.7,158.0,34.0
2024-06-09,06116,10.8,40.0,304.0
2024-06-10,06116,15.0,3.0,428.0
2024-06-11,06116,14.1,20.0,159.0
2024-06-12,06116,12.4,80.0,434.0
2024-06-13,06116,11.9,47.0,163.0
2024-06-14,06116,18.0,29.0,89.0
2024-06-15,06116,13.4,133.0,207.0
2024-06-16,06116,17.6,108.0,209.0
2024-06-17,06116,18.8,3.0,575.0
2024-06-18,06116,18.5,0.0,336.0
2024-06-19,06116,15.6,0.0,400.0
2024-06-20,06116,16.2,0.0,751.0
2024-06-21,06116,18.3,189.0,307.0
2024-06-22,06116,17.0,2.0,332.0
2024-06-23,06116,18.5,0.0,608.0
2024-06-24,06116,19.1,0.0,481.0
2024-06-25,06116,22.4,0.0,920.0
2024-06-26,06116,25.2,0.0,916.0
2024-06-27,06116,28.8,116.0,605.0
2024-06-28,06116,19.7,4.0,451.0
2024-06-29,06116,19.4,0.0,505.0
2024-06-30,06116,18.1,118.0,84.0
2024-07-01,06116,16.9,13.0,198.0
2024-07-02,06116,15.2,14.0,50.0
2024-07-03,06116,16.6,19.0,193.0
2024-07-04,06116,16.8,200.0,397.0
2024-07-05,06116,15.8,34.0,587.0
2024-07-06,06116,21.5,175.0,115.0
2024-07-07,06116,17.1,42.0,558.0
2024-07-08,06116,17.7,44.0,586.0
2024-07-09,06116,20.4,12.0,257.0
2024-07-10,06116,21.6,24.0,394.0
2024-07-11,06116,20.4,3.0,666.0
2024-07-12,06116,19.7,27.0,122.0
2024-07-13,06116,16.1,13.0,130.0
2024-07-14,06116,18.8,121.0,215.0
2024-07-15,06116,18.5,80.0,228.0
2024-07-16,06116,20.9,64.0,335.0
2024-07-17,06116,17.6,19.0,93.0
2024-07-18,06116,19.2,0.0,315.0
2024-07-19,06116,23.1,0.0,899.0
2024-07-20,06116,25.4,0.0,905.0
2024-07-21,06116,25.9,35.0,585.0
2024-07-22,06116,17.9,164.0,426.0
2024-07-23,06116,17.3,69.0,402.0
2024-07-24,06116,18.8,0.0,744.0
2024-07-25,06116,20.1,30.0,431.0
2024-07-26,06116,17.9,192.0,274.0
2024-07-27,06116,21.4,0.0,743.0
2024-07-28,06116,20.4,0.0,707.0
2024-07-29,06116,20.5,0.0,786.0
2024-07-30,06116,23.3,0.0,785.0
2024-07-31,06116,21.7,0.0,691.0
2024-08-01,06116,19.5,0.0,532.0
2024-08-02,06116,18.7,1.0,28.0
2024-08-03,06116,21.8,0.0,355.0
2024-08-04,06116,18.3,22.0,306.0
2024-08-05,06116,20.0,0.0,517.0
2024-08-06,06116,24.8,0.0,735.0
2024-08-07,06116,20.6,8.0,217.0
2024-08-08,06116,20.7,9.0,331.0
2024-08-09,06116,20.4,173.0,201.0
2024-08-10,06116,21.4,0.0,665.0
2024-08-11,06116,20.8,0.0,688.0
2024-08-12,06116,21.6,0.0,813.0
2024-08-13,06116,24.9,3.0,678.0
2024-08-14,06116,25.1,10.0,103.0
2024-08-15,06116,24.3,0.0,491.0
2024-08-16,06116,19.2,173.0,160.0
2024-08-17,06116,19.3,0.0,551.0
2024-08-18,06116,20.2,0.0,366.0
2024-08-19,06116,19.9,0.0,584.0
2024-08-20,06116,22.8,0.0,364.0
